   0   0  63 255 255 255 255 255
   0   0  63 255 255 255 255 255
  63  63 111 255 255 255 255 255
 255 255 255 255 255 255 255 255
 255 255 255 255 255 255 255 255
  95  95 135 255 255 255 255 255
   0   0  63 255 255 255 255 255
   0   0  63 255 255 255 255 255
   0   0  63 255 255 255 255 255
   0   0  63 255 255 255 255 255
  63  63 111 255 255 255 255 255
 255 255 255 255 255 255 255 255
 255 255 255 255 255 255 255 255
  95  95 135 255 255 255 255 255
   0   0  63 255 255 255 255 255
   0   0  63 255 255 255 255 255
   0   0  63 255 255 255 255 255
   0   0  63 255 255 255 255 255
  63  63 111 255 255 255 255 255
 255 255 255 255 255 255 255 255
 255 255 255 255 255 255 255 255
  95  95 135 255 255 255 255 255
   0   0  63 255 255 255 255 255
   0   0  63 255 255 255 255 255

 255 255 255 255 255 255 255 255
 255 255 255 255 255 255 255 255
 255 255 255 255 255 255 255 255
 255 255 255 255 255 255 255 255
 255 255 255 255 255 255 255 255
  63  63 111 255 255 135  63  63
   0   0  63 255 255  95   0   0
   0   0  63 255 255  95   0   0
 255 255 255 255 255 255 255 255
 255 255 255 255 255 255 255 255
 255 255 255 255 255 255 255 255
 255 255 255 255 255 255 255 255
 255 255 255 255 255 255 255 255
  63  63 111 255 255 135  63  63
   0   0  63 255 255  95   0   0
   0   0  63 255 255  95   0   0
 255 255 255 255 255 255 255 255
 255 255 255 255 255 255 255 255
 255 255 255 255 255 255 255 255
 255 255 255 255 255 255 255 255
 255 255 255 255 255 255 255 255
  63  63 111 255 255 135  63  63
   0   0  63 255 255  95   0   0
   0   0  63 255 255  95   0   0

 255 255 255 255 255  63   0   0
 255 255 255 255 255  63   0   0
 255 255 255 255 255 135  95  95
 255 255 255 255 255 255 255 255
 255 255 255 255 255 255 255 255
 255 255 255 255 255 111  63  63
 255 255 255 255 255  63   0   0
 255 255 255 255 255  63   0   0
 255 255 255 255 255  63   0   0
 255 255 255 255 255  63   0   0
 255 255 255 255 255 135  95  95
 255 255 255 255 255 255 255 255
 255 255 255 255 255 255 255 255
 255 255 255 255 255 111  63  63
 255 255 255 255 255  63   0   0
 255 255 255 255 255  63   0   0
 255 255 255 255 255  63   0   0
 255 255 255 255 255  63   0   0
 255 255 255 255 255 135  95  95
 255 255 255 255 255 255 255 255
 255 255 255 255 255 255 255 255
 255 255 255 255 255 111  63  63
 255 255 255 255 255  63   0   0
 255 255 255 255 255  63   0   0

   0   0  95 255 255  63   0   0
   0   0  95 255 255  63   0   0
  63  63 135 255 255 111  63  63
 255 255 255 255 255 255 255 255
 255 255 255 255 255 255 255 255
 255 255 255 255 255 255 255 255
 255 255 255 255 255 255 255 255
 255 255 255 255 255 255 255 255
   0   0  95 255 255  63   0   0
   0   0  95 255 255  63   0   0
  63  63 135 255 255 111  63  63
 255 255 255 255 255 255 255 255
 255 255 255 255 255 255 255 255
 255 255 255 255 255 255 255 255
 255 255 255 255 255 255 255 255
 255 255 255 255 255 255 255 255
   0   0  95 255 255  63   0   0
   0   0  95 255 255  63   0   0
  63  63 135 255 255 111  63  63
 255 255 255 255 255 255 255 255
 255 255 255 255 255 255 255 255
 255 255 255 255 255 255 255 255
 255 255 255 255 255 255 255 255
 255 255 255 255 255 255 255 255

